23504.50
0.00
0.00
0.00
0.00
0.00
0.00
0.00
0.00
32008.00
74973.00
76286.00
76654.00
76207.00
76613.00
77842.00
78977.00
77926.00
75736.00
77977.00
78719.00
78373.00
75975.00
79251.00
76325.00
74568.00
75705.00
76541.00
76656.00
77258.00
76628.00
77158.00
77938.00
78766.00
76893.00
78075.00
77289.00
76571.00
76132.67
78276.00
75247.00
77022.00
76356.00
78703.00
75682.00
74227.00
75849.00
76918.00
77057.00
76221.00
76868.00
74726.00
74899.00
76616.00
77640.00
74464.00
75485.00
74288.00
73673.00
72729.00
75501.00
76525.00
76236.00
76706.00
77457.00
76671.00
76763.00
77623.00
76234.00
73122.00
77432.00
77159.00
76217.00
75670.00
77188.00
74294.00
74617.00
75925.00
73999.00
74840.00
77350.00
75932.00
77348.00
76202.00
77662.00
78083.00
77672.00
78448.00
79460.00
76912.00
77746.00
79751.00
76785.00
75777.00
77633.00
77574.00
78074.00
77706.00
78620.00
78672.00
76134.00
76492.00
75209.00
76070.00
76983.00
79120.00
78020.00
77568.00
76196.00
78152.00
78581.00
76809.00
78039.00
77811.00
79310.00
77458.00
79347.00
77154.00
76915.00
76567.00
77716.00
76597.00
78050.00
75208.00
77930.00
81238.00
80361.00
76528.00
78191.00
79989.00
78074.00
79622.00
78819.00
80186.00
78576.00
77950.00
78291.00
79264.00
80561.00
79151.00
78838.00
77864.00
79183.00
77456.00
77875.00
77114.00
76910.00
79968.00
77825.00
77295.00
78236.00
78463.00
78599.00
79256.00
77801.00
78580.00
79429.00
79720.00
78183.00
77783.00
77042.00
78361.00
78772.00
77066.00
77626.00
78645.00
77511.00
78693.00
78014.00
78489.00
77449.00
77597.00
76684.00
76024.00
80023.00
79911.00
76494.00
78255.00
76405.00
77733.00
76417.00
77005.00
76828.00
75597.00
77036.00
77091.00
76840.00
76941.00
76771.00
75455.00
77342.00
78191.00
76723.00
78215.00
77497.00
79052.00
77173.00
77868.00
78307.00
75989.00
75898.00
76742.00
76080.00
76907.00
76446.00
76008.00
75637.00
75185.00
75182.00
75868.00
74087.00
75449.00
78384.00
77722.00
77011.00
76229.00
78107.00
77171.00
77889.00
78503.00
76543.00
77111.00
76190.00
76682.00
76842.00
75282.00
73753.00
74182.00
74729.00
74290.00
76601.00
71481.00
74898.00
76568.00
75974.00
76184.00
75099.00
75438.00
75643.00
77073.00
76777.00
75915.00
76007.00
77485.00
75948.00
76067.00
74010.00
75791.00
75866.00
76595.00
76592.00
78094.00
76386.00
75541.00
76003.00
76133.00
76669.00
75259.00
75561.00
76652.00
76851.00
76909.00
75293.00
75200.00
76049.00
76541.00
76265.00
76895.00
75570.00
76769.00
77025.00
76843.00
76842.00
78414.00
78482.00
75640.00
77005.00
75811.00
77153.00
76136.00
75822.00
74353.00
76326.00
74563.00
74879.00
75793.00
75694.00
73645.00
77863.00
74264.00
75995.00
75140.00
76867.00
75018.00
75059.00
74616.00
74013.00
76001.00
74873.00
76518.00
76343.00
74846.00
75098.00
76250.00
74957.00
75705.00
72340.00
73483.00
71795.00
37185.00
0.00
0.00
0.00
0.00
0.00
0.00
0.00
0.00
0.00
0.00
0.00
0.00
0.00
0.00
0.00
