11360.10
0.00
0.00
0.00
0.00
0.00
0.00
0.00
0.00
0.00
3.00
28538.00
31934.00
32864.00
33418.81
33229.00
33490.00
34099.00
33404.00
33708.00
33532.00
34499.00
34857.00
32708.00
31629.00
32798.00
31398.00
33930.00
34291.00
34498.00
31147.00
30484.00
31095.00
32908.00
32503.00
31380.00
30626.00
30075.00
30416.00
31370.00
32130.00
32569.00
30805.00
31662.00
33730.00
32174.00
31536.00
32358.00
31311.00
31418.00
32807.00
30523.00
31643.00
32292.00
31830.00
31598.00
31487.00
30996.00
29674.00
31724.00
32252.00
31957.00
31710.00
31851.00
32026.00
32779.00
33401.00
34606.00
33467.00
32665.00
32997.00
33879.00
32660.00
31436.00
32513.00
33133.00
32507.00
32793.00
32673.00
31978.00
32083.00
31009.00
32621.00
31330.00
31975.00
32349.00
33031.00
33969.00
32845.00
32522.00
31853.00
32355.00
32885.00
32418.00
33165.00
33715.00
33626.00
32820.00
33222.00
33257.00
33825.00
33001.00
33509.00
32442.00
33809.00
32747.00
34579.00
33694.00
34055.00
33907.00
34758.00
34689.00
34589.00
34386.00
33203.00
33607.00
34086.00
34454.00
33127.00
32891.00
32970.00
33984.00
31876.00
32785.00
32499.00
34226.00
34417.00
32770.00
34089.00
33062.00
33823.00
32768.00
34110.00
33705.00
33060.00
31336.00
31735.00
31790.00
31979.00
31739.00
30719.00
30584.00
32705.00
31610.00
31718.00
32503.00
32634.00
32994.00
32495.00
33098.00
31789.00
32255.00
32976.00
33321.00
32939.00
32321.00
32468.00
33973.00
34158.00
32333.00
32437.00
32525.00
31966.34
32227.00
31836.00
33507.00
31872.00
33732.00
34060.00
33426.00
32040.00
31915.00
32053.00
31828.00
32720.00
32095.00
31660.00
32952.00
33517.00
33857.00
34335.00
33277.00
31761.00
32221.00
32270.00
32224.00
32800.00
32736.00
32071.00
30581.00
31019.00
30675.00
31727.00
31118.00
32887.00
30855.00
31421.00
30081.00
29135.00
31011.00
31363.00
32150.00
31700.00
31709.00
32387.00
32832.00
33601.00
33643.00
32633.00
32226.00
33054.00
33432.00
33742.00
33264.00
33425.00
33817.00
32722.00
33301.00
32844.00
33174.00
33364.00
33756.00
33112.00
32711.00
32767.00
33210.00
33838.00
33911.00
33156.00
32814.00
33113.00
33791.00
33935.00
33986.00
35629.00
35107.00
35969.00
35764.00
34457.00
34560.00
34178.00
34890.00
31400.00
32724.00
33477.00
33055.00
30618.00
32474.00
31654.00
32020.00
32543.00
33143.00
31892.00
33541.00
33645.00
34489.00
34314.00
34193.00
33397.00
34158.00
34194.00
33535.00
31654.00
32771.00
32974.00
31674.00
32669.00
32804.00
33810.00
32881.00
33769.00
34035.00
34082.00
33765.00
33494.00
33886.00
31263.00
32210.00
32840.00
30965.00
32898.00
32939.00
33188.00
33013.00
32360.00
31485.00
31807.00
32655.00
33799.00
33531.00
32389.00
33038.00
32990.00
33112.00
32658.00
32793.00
32676.00
32911.00
33018.00
33203.00
33903.00
34708.00
31922.00
31513.86
33260.00
31611.00
32945.00
32458.00
32700.00
32736.00
33087.00
548.00
0.00
0.00
0.00
0.00
0.00
0.00
0.00
0.00
0.00
