11783.03
0.00
0.00
0.00
0.00
0.00
0.00
0.00
0.00
0.00
15254.00
37424.00
38137.00
38263.00
38092.00
38318.00
38749.00
39480.00
38888.00
37830.00
38934.00
39217.00
39237.00
37881.00
39551.00
38147.00
37307.00
37669.00
38338.00
38243.00
38527.00
38310.00
38526.00
38968.00
39281.00
38454.00
38973.00
38632.00
38176.00
38424.00
39028.00
37680.00
38411.00
38105.00
39343.00
37787.00
37044.00
37900.00
38388.00
38459.00
38077.00
38424.00
37379.00
37282.00
38285.00
38804.00
37169.00
37646.00
37091.00
36827.00
36277.00
37698.00
38233.00
38083.00
38296.00
38697.00
38178.00
38404.00
38739.00
38090.00
36483.00
38653.00
38520.00
38100.00
37769.00
38536.00
37148.00
37187.00
38009.00
36855.00
37377.00
38643.00
37947.00
38580.00
38015.00
38779.00
39006.00
38799.00
39128.00
39704.00
38401.00
38840.00
39845.00
38369.00
37829.00
38739.00
38693.00
38999.00
38822.00
39255.00
39346.00
37993.00
38211.00
37614.00
37916.00
38414.00
39543.00
38953.00
38781.00
38048.00
38934.00
39318.00
38296.00
38959.00
38869.00
39610.00
38646.00
39652.00
38544.00
38040.59
38202.00
38852.00
38217.00
38970.00
37557.00
38843.00
40627.00
40128.00
38248.00
39000.00
39927.00
39055.00
39750.00
39352.00
40001.00
39272.00
38908.00
39114.00
39600.00
40117.00
39596.00
39332.00
38867.00
39580.00
38719.00
38804.00
38560.00
38369.00
39964.00
38831.00
38581.00
39066.00
39193.00
39257.00
39540.00
38850.00
39281.00
39665.00
39768.00
39040.00
38846.00
38524.00
39121.00
39348.00
38461.00
38768.00
39283.00
38659.00
39306.00
38927.00
39198.00
38673.00
38845.00
38253.00
37856.00
39979.00
39919.00
38217.00
39016.00
38195.00
38794.00
38151.00
38461.00
38297.00
37771.00
38475.00
38466.00
38384.00
38422.00
38289.00
37795.00
38593.00
39020.00
38312.00
39093.00
38685.00
39433.00
38571.00
38943.00
39038.00
37990.00
37925.00
38272.00
37977.00
38442.00
38221.00
37991.00
37755.00
37515.00
37626.00
37832.00
37019.00
37623.00
39163.00
38782.00
38482.00
38066.00
38944.00
38616.00
38866.00
39136.00
38265.00
38509.00
38042.00
38267.00
38405.00
37606.00
36814.00
37030.00
37336.00
37002.00
38360.00
35746.00
37396.00
38118.00
38031.00
38055.00
37558.00
37600.00
37823.00
38447.00
38378.00
37921.00
37984.00
38654.00
37931.00
38015.00
36995.00
37821.00
37842.00
38219.00
38269.00
39042.00
38118.00
37684.00
37985.00
38027.00
38272.00
37582.00
37619.00
38370.00
38380.00
38288.00
37706.00
37575.00
37950.00
38183.00
38173.00
38341.00
37726.00
38370.00
38441.00
38370.00
38354.00
39191.00
39141.00
37746.00
38404.00
37918.00
38487.00
38023.00
37840.00
37157.00
38045.00
37330.00
37408.00
37810.00
37767.00
36777.00
38875.00
37120.00
37967.00
37534.00
38332.00
37413.00
37514.00
37233.00
36935.00
38006.00
37339.00
38213.00
38115.00
37021.78
37475.00
38103.00
37440.00
37849.00
36063.00
36698.00
35872.00
19182.00
0.00
0.00
0.00
0.00
0.00
0.00
0.00
0.00
0.00
0.00
0.00
0.00
