22653.73
0.00
0.00
0.00
0.00
0.00
0.00
0.00
0.00
6012.00
60797.00
65161.00
65751.00
67458.00
66514.00
67629.00
68270.00
66858.00
66896.00
67482.00
69662.00
68279.00
66032.00
62804.00
65095.00
64640.00
67159.00
68506.00
68791.00
60873.00
62121.00
62368.00
65464.00
65326.00
62818.00
59621.00
61022.00
61740.00
63399.00
63936.00
64196.00
61360.00
64793.00
66998.00
64448.00
63569.00
63467.00
63194.00
63671.00
64914.00
60710.00
63285.00
65427.00
62310.00
63832.00
62795.00
62394.00
58753.00
65222.00
63419.00
63950.00
64107.00
63426.00
63607.00
66725.00
66841.00
69136.00
66518.00
65051.00
66884.00
67586.00
65303.00
63431.00
63630.00
66719.00
65124.00
65848.00
65298.00
64322.00
63511.00
62329.00
64948.00
63245.00
63993.00
64639.00
66580.00
67477.00
65934.00
65405.00
63347.00
65209.00
65213.00
64499.00
67768.00
66903.00
66721.00
66641.00
65486.14
67107.00
67174.00
66301.00
66070.00
65894.00
66641.00
66109.00
69595.00
67077.00
68380.00
67656.00
69724.00
69815.00
68866.00
68209.00
66458.00
67376.00
68121.00
69049.00
66364.00
65679.00
66252.00
67396.00
63604.00
65426.00
66195.00
68180.00
68708.00
65809.00
67723.00
65972.00
68196.00
65521.00
69025.00
67090.00
65011.00
62004.00
63877.00
64872.00
63811.00
62237.00
62010.00
61180.00
65273.00
64344.00
63429.00
64480.00
65472.00
66383.00
64735.00
65433.00
63947.00
65342.00
65467.00
66922.00
65384.00
65450.00
64534.00
68847.00
67749.00
64423.00
64421.00
65082.00
64624.00
64786.00
63499.00
67545.00
63752.00
68063.00
68117.00
66224.00
63482.00
64183.00
64060.00
64155.00
65557.00
64411.00
62663.00
66344.00
67657.00
67441.00
68133.00
66891.00
63984.00
63779.00
64597.00
64531.00
66313.00
65369.00
62590.00
62485.00
61157.00
61522.00
63889.00
62192.00
65113.00
62162.00
62834.00
59580.00
58620.00
62443.00
63316.00
63776.00
62991.00
64358.00
65094.00
65552.00
67530.00
67192.00
65272.00
65146.00
65593.00
66783.00
67100.00
66717.00
67685.00
66823.00
65234.00
67083.00
65781.00
66181.00
66925.00
67327.00
66086.00
65151.00
66033.00
66486.00
67963.00
67965.00
65202.00
65918.00
67362.00
67468.00
67788.00
68554.00
71487.00
70353.00
72065.00
70956.00
68673.00
69274.00
68925.00
69144.00
62550.00
65826.00
66803.00
65701.00
60829.00
65317.00
63677.00
64439.00
64721.00
66723.00
63052.00
68096.00
67027.00
68804.00
68860.00
68338.00
66762.00
68302.00
68899.00
66444.00
63498.00
65691.00
65373.00
63585.00
65437.00
66039.00
68063.00
65372.00
68019.00
67959.00
67778.00
67543.00
67622.00
66683.00
62713.00
64771.00
64955.00
62832.00
65556.00
66677.00
65168.00
67012.00
62812.00
64485.00
64223.00
65419.00
67424.00
67057.00
64696.00
65954.00
66497.00
66107.00
65258.00
65165.00
65655.00
66155.00
65815.00
67062.00
67810.00
68883.00
63925.00
64197.00
65290.00
62602.97
66132.00
65502.00
65371.00
64487.00
57737.00
88.00
0.00
0.00
0.00
0.00
0.00
0.00
0.00
0.00
0.00
0.00
0.00
0.00
0.00
