11893.34
0.00
0.00
0.00
0.00
0.00
0.00
0.00
0.00
0.00
0.00
18260.00
37631.00
37958.00
38418.00
38105.00
38501.00
39021.00
39512.00
39009.00
37913.00
39072.00
39384.00
39131.00
38170.00
39655.00
38248.00
37148.00
38184.00
38173.00
38478.00
38495.00
38507.00
38555.00
38991.00
39459.00
38440.00
39197.00
38564.00
38399.00
38567.00
39235.00
37623.00
38537.00
38263.00
39297.00
37899.00
37117.00
38076.00
38555.00
38473.00
38166.00
38571.00
37259.00
37593.00
38454.00
38675.00
37346.00
37874.00
37150.00
36800.00
36446.00
37893.00
38148.00
38296.00
38437.00
38671.00
38535.00
38341.00
38989.00
37923.00
36737.00
38833.00
38672.00
38078.00
38008.00
38420.00
37259.00
37585.00
37690.00
37225.00
37478.00
38658.00
38129.00
38741.00
38180.00
38907.00
38965.00
38899.00
39332.00
39825.00
38451.00
38988.00
39904.00
38238.00
38018.00
39056.00
38779.00
38981.00
38986.00
39493.00
39118.00
38165.00
38220.00
37734.00
38118.00
38759.00
39457.00
39169.00
38625.00
38224.00
39099.00
39277.00
38663.00
39029.00
38871.00
39659.00
38971.00
39685.00
38537.00
38501.00
38312.00
38778.00
38552.00
39033.00
37696.00
39107.00
40691.00
40092.00
38408.00
39191.00
40006.00
38975.00
39938.00
39433.00
40162.00
39290.00
38858.00
39410.00
39688.00
40456.00
39448.00
39441.00
39063.00
39648.00
38801.00
38917.00
38566.00
38615.00
39981.00
39088.00
38744.00
39088.00
39305.00
39293.00
39733.00
38965.00
39285.00
39874.00
39762.00
39224.00
38548.51
38535.00
39358.00
39244.00
38663.00
38801.00
39305.00
38925.00
39363.00
39177.00
39277.00
38811.00
38951.00
38102.00
38378.00
39901.00
39946.00
38218.00
39519.00
38088.00
38911.00
38212.00
38539.00
38546.00
37878.00
38515.00
38489.00
38428.00
38746.00
38432.00
37619.00
38821.00
39219.00
38426.00
39032.00
38769.00
39581.00
38716.00
38940.00
39302.00
37757.00
38116.00
38496.00
38154.00
38435.00
38032.00
38178.00
37870.00
37752.00
37417.00
38001.00
37190.00
37912.00
39102.00
38864.00
38448.00
38361.00
39009.00
38742.00
38984.00
39298.00
38387.00
38639.00
38187.00
38167.00
38686.00
37546.00
36834.00
37259.00
37278.00
37395.00
38098.00
35954.00
37533.00
38186.00
38120.00
38006.00
37605.00
37835.00
37977.00
38404.00
38422.00
37992.00
38276.00
38687.00
37987.00
37985.00
37086.00
37963.00
38222.00
38334.00
38162.00
39066.00
38250.00
37840.00
38108.00
38199.00
38321.00
37653.00
37800.00
38259.00
38662.00
38507.00
37700.00
37581.00
38136.00
38351.00
38000.00
38680.00
37693.00
38416.00
38828.00
38336.00
38587.00
39151.00
39333.00
37816.00
38613.00
37970.00
38665.00
37992.00
38029.00
37289.00
38159.00
37237.00
37453.00
38087.00
37987.00
36717.00
39066.00
37223.00
37988.00
37720.00
38306.00
37586.00
37572.00
37319.00
37336.00
37829.00
37507.00
38178.00
38441.00
37442.00
37700.00
37995.00
37619.00
37718.00
36492.00
36667.00
35845.00
16316.00
0.00
0.00
0.00
0.00
0.00
0.00
0.00
0.00
0.00
0.00
