11477.46
0.00
0.00
0.00
0.00
0.00
0.00
0.00
0.00
0.00
0.00
0.00
5.00
29586.00
32047.00
32856.00
33731.00
33281.00
33677.00
34107.00
33379.00
33634.00
33620.00
34604.00
34685.00
32938.00
31505.00
32869.00
31509.00
34015.00
34371.00
34470.00
31036.00
30615.00
31221.00
32848.00
32621.00
31348.00
30379.00
30333.00
30490.00
31435.00
32227.00
32380.00
30904.00
31780.00
33636.00
32223.00
31638.00
32316.00
31375.00
31408.00
32921.00
30493.00
31499.00
32586.00
31694.00
31733.00
31296.00
31176.00
29650.00
31927.00
32285.00
32031.00
31684.00
31982.00
31761.00
33165.00
33368.00
34697.00
33353.00
32714.00
33086.00
33877.00
32593.00
31700.00
32396.00
33219.00
32627.00
32870.00
32679.00
32073.00
31901.00
31226.00
32606.00
31250.00
32187.00
32284.00
33323.00
33928.00
32899.00
32508.00
31894.00
32495.00
32759.00
32588.00
33285.00
33720.00
33556.00
33043.00
33156.00
33256.00
33879.00
33050.00
33519.00
32596.00
33699.00
32762.00
34685.00
33698.00
34262.00
33779.00
34848.00
34762.00
34417.00
34531.00
33182.00
33570.00
34209.00
34515.00
33067.00
32972.00
32992.00
33955.00
31930.00
32852.00
32623.00
34159.00
34347.00
33015.00
34035.00
32677.23
33920.00
32862.00
34161.00
33666.00
33014.00
31247.00
31860.00
32020.00
31859.00
31803.00
30714.00
30586.00
32657.00
31930.00
31640.00
32427.00
32678.00
33135.00
32511.00
33029.00
31968.00
32280.00
32963.00
33399.00
32924.00
32338.00
32413.00
34204.00
34138.00
32419.00
32325.00
32498.00
32315.00
32353.00
31760.00
33630.00
31811.00
33983.00
33979.00
33347.00
32124.00
31938.00
32137.00
31897.00
32767.00
32070.00
31548.00
33169.00
33570.00
33860.00
34258.00
33306.00
31899.00
32254.00
32232.00
32219.00
32920.00
32676.00
32024.00
30786.00
30929.00
30719.00
31876.00
31165.00
32765.00
30937.00
31476.00
30110.00
29236.00
31071.00
31384.00
32196.00
31765.00
31606.00
32532.00
32860.00
33640.00
33777.00
32500.00
32493.00
32950.00
33452.00
33758.00
33344.00
33370.00
33952.00
32649.00
33395.00
32849.00
33208.00
33513.00
33685.00
33174.00
32590.00
32864.00
33231.00
33916.00
33985.00
32995.00
32851.00
33340.00
33838.00
33934.00
34000.00
35762.00
35196.00
36005.00
35682.00
34458.00
34634.00
34387.00
34809.00
31388.00
32681.00
33565.00
33004.00
30661.00
32530.00
31629.00
32140.00
32610.00
33168.00
31795.00
33776.00
33600.00
34590.00
34331.00
34183.00
33407.00
34292.00
34230.00
33551.00
31651.00
32819.00
33102.00
31555.00
32754.00
32849.00
34014.00
32857.00
33867.00
34048.00
34048.00
33653.00
33670.00
33879.00
31255.00
32325.00
32796.00
30763.37
32953.00
32900.00
33257.00
33049.00
32315.00
31664.00
31816.00
32819.00
33688.00
33539.00
32438.00
33127.00
33018.00
33069.00
32658.00
32892.00
32792.00
32936.00
32999.00
33277.00
33936.00
34762.00
31996.00
31860.00
33098.00
31599.00
32915.00
32677.00
32694.00
32756.00
32594.00
47.00
0.00
0.00
0.00
0.00
0.00
0.00
0.00
0.00
