0.00
0.00
0.00
0.00
0.00
0.00
0.00
0.00
0.00
0.00
0.00
0.00
0.00
0.00
27371.00
37839.00
38556.00
39422.00
39187.00
38637.00
39594.00
38775.00
38715.00
38966.00
38666.00
38343.00
38444.00
39437.00
38725.00
38608.00
38696.00
38133.00
37828.00
38539.00
39397.00
39210.00
38867.00
39184.00
39385.00
37702.00
38322.00
38980.00
38705.00
38925.00
39220.00
39283.00
38835.00
39291.00
39821.00
39743.00
38910.00
38514.85
38305.00
38303.00
38433.00
40240.00
39751.00
39619.00
39038.00
39191.00
39090.00
39016.00
37507.00
37806.00
38452.00
38115.00
37301.00
38361.00
39766.00
38234.00
39154.00
39063.00
39260.00
38539.00
38380.00
39140.00
39217.00
39713.00
39318.00
38970.00
39440.00
38399.00
39330.00
39090.00
39461.00
39167.00
39479.00
38840.00
39029.00
39510.00
39213.00
39363.00
39880.00
38999.00
40009.00
40128.00
39474.00
40203.00
39793.00
39933.00
40244.00
39412.00
39223.00
39237.00
38849.00
38638.00
39572.00
39522.00
39224.00
39176.00
38827.00
39120.00
39172.00
39027.00
38253.00
39578.00
38165.00
38931.00
39152.00
38173.00
39383.00
38530.00
38508.00
38726.00
38539.00
38070.00
38818.00
38005.00
39113.00
39030.00
40038.00
38968.00
37875.00
39276.00
38766.00
38988.00
39637.00
38960.00
39134.00
39038.00
39662.00
39116.00
39735.00
38965.00
38144.00
37973.00
39584.00
38075.00
40562.00
39442.00
38549.00
38394.00
38799.00
39312.00
38885.00
39112.00
38647.00
39587.00
39073.00
38683.00
39269.00
38790.00
38773.00
39342.00
38053.00
37883.00
37275.00
38230.00
37890.00
38267.00
38623.00
38582.00
39145.00
38137.00
38300.00
38312.00
38249.00
38361.00
38913.00
38694.00
38906.00
37897.00
37990.00
38137.00
37913.00
37824.00
38159.00
38780.00
38063.00
38361.00
39112.00
38805.00
38681.00
38916.00
39874.00
39397.00
39043.00
39633.00
38277.00
39004.00
38685.00
37962.00
39291.00
38034.00
39001.00
39049.00
39027.00
38892.00
39068.00
39568.00
39285.00
39250.00
40020.00
40422.00
38915.00
39902.00
39732.00
38642.00
38883.00
39451.49
40010.00
39400.00
38974.00
39994.00
39594.00
39380.00
39551.00
39460.00
39682.00
38977.00
39495.00
39287.00
39336.00
39348.00
39456.00
39581.00
39466.00
37756.00
39593.00
38262.00
37850.00
38995.00
39066.00
39385.00
39035.00
38672.00
37960.00
39897.00
40371.00
39237.00
38803.00
38816.00
38528.00
38810.00
38494.00
38277.00
38577.00
37686.00
39279.00
39215.00
38720.00
38972.00
38963.00
39327.00
40305.00
39994.00
38745.00
39287.00
39034.00
38330.00
38653.00
38743.00
38631.00
39111.00
38368.00
38747.00
38329.00
38709.00
39420.00
38917.00
39342.00
39525.00
39501.00
39946.00
38159.00
39826.00
39643.00
39747.00
40160.00
39880.00
39401.00
40047.00
39981.00
39550.00
39608.00
39507.00
39745.00
38910.00
38725.00
39308.00
39138.00
39807.00
39353.00
38770.00
40029.00
39484.00
39636.00
40031.00
39843.00
40499.00
40575.00
40306.00
39706.00
40760.00
8880.00
21.00
0.00
0.00
0.00
0.00
0.00
0.00
0.00
0.00
0.00
0.00
0.00
0.00
