0.00
0.00
0.00
0.00
0.00
0.00
0.00
0.00
0.00
0.00
0.00
0.00
0.00
0.00
8067.00
32601.00
33565.00
33316.00
33407.00
33271.00
33216.00
32801.00
34123.00
33508.00
33850.00
33256.00
34770.00
33874.00
33868.00
31710.00
32759.00
31436.00
32007.00
32291.00
33094.00
33596.00
33754.00
32670.00
34216.00
32223.00
33078.00
32696.00
33136.00
33049.00
32861.00
33043.00
32865.00
33693.00
33128.00
34723.00
34127.00
34218.00
33065.00
32754.00
34099.00
33566.00
34011.00
33930.00
33246.00
33000.00
33096.00
32860.00
33135.00
32529.00
34473.00
33625.00
33430.00
33565.00
33164.00
33473.00
33589.00
33443.00
32374.00
34067.00
32844.00
34441.00
33610.00
34050.00
33632.00
34518.00
34742.00
34453.00
33453.00
33994.00
34477.00
34147.00
33533.00
34089.00
32283.00
32886.00
32363.00
33149.00
33037.00
33096.00
33402.00
33101.00
32952.00
33701.00
34215.00
32841.58
33129.00
32665.00
32724.00
33587.00
32371.00
32707.00
33329.00
31680.00
31318.00
33419.00
33078.00
31722.00
32363.00
33243.00
33100.00
33155.00
33553.00
34266.00
34307.00
33676.00
34245.00
34346.00
35276.00
33956.00
32601.00
32118.00
32710.00
32900.00
33559.00
33958.00
34640.00
33676.00
34341.00
34556.00
35094.00
33891.00
34606.00
34191.00
35381.00
35982.00
34587.00
34431.00
33109.00
33949.00
32293.00
34310.00
34827.00
34361.00
33540.00
33400.00
32479.00
33471.00
32139.00
33911.00
32698.00
34188.00
31054.00
33711.00
34072.00
34473.00
34339.00
34610.00
34352.00
34191.00
34344.00
35692.00
34615.00
34303.00
34307.00
33554.00
33277.00
33527.00
33246.00
32838.00
34910.00
33578.00
33023.00
34857.00
35108.00
35290.00
35260.00
34473.00
34703.00
33529.00
34317.00
33979.00
32890.00
31049.00
32571.00
31740.00
32029.00
32312.00
32595.00
33295.00
33247.00
33136.00
33376.00
33382.00
33463.00
34895.00
35022.00
34032.00
34786.00
34314.00
33893.00
33618.00
33798.00
35010.00
33940.00
35562.00
35344.00
34726.00
32175.00
33264.00
33401.00
33267.00
34901.00
34688.00
34015.00
34786.00
34624.00
34182.00
33131.00
34315.00
33701.00
33710.00
33719.00
33441.00
33423.00
33349.00
34250.00
34116.00
33569.00
31496.00
31519.00
32932.00
32747.00
33108.00
32979.00
32658.00
32965.00
32171.00
34059.00
35037.00
34215.00
33939.00
32958.00
33537.00
31952.00
32057.00
31003.00
31284.00
31628.00
28411.00
31043.00
31847.00
33112.00
34529.00
34913.86
35035.00
35340.00
34486.00
35564.00
34859.00
35584.00
35111.00
35941.00
34319.00
31953.00
31709.00
33982.00
33583.00
35252.00
35458.00
34891.00
35503.00
34809.00
34432.00
34628.00
34844.00
34505.00
34980.00
34890.00
34090.00
35138.00
34729.00
34849.00
35452.00
35187.00
34474.00
34932.00
34678.00
34184.00
35004.00
34601.00
33968.00
33473.00
33622.00
34683.00
33307.00
34068.00
34677.00
35076.00
34655.00
34339.00
34027.00
35092.00
34055.00
33446.00
32653.00
33790.00
34168.00
33492.00
32604.00
24950.00
41.00
0.00
0.00
0.00
0.00
0.00
0.00
0.00
0.00
