0.00
0.00
0.00
0.00
0.00
0.00
0.00
0.00
0.00
0.00
0.00
0.00
0.00
0.00
0.00
0.00
0.00
0.00
0.00
0.00
0.00
2.00
28969.00
33748.00
33173.00
33129.00
33305.00
33877.00
32654.00
33536.00
34487.00
33624.00
33464.00
34007.00
34337.00
34320.00
32398.00
32158.00
31844.00
32443.00
31680.00
33028.00
33308.00
33964.00
32566.00
34315.00
32759.00
32906.00
32259.00
33716.00
33049.00
32892.00
32796.00
33279.00
33670.00
33771.00
33937.00
34494.00
33645.00
34115.00
32806.93
33382.00
33494.00
34732.00
33198.00
33696.00
33112.00
33338.00
32922.00
33620.00
31896.00
34781.00
33599.00
33661.00
33362.00
33261.00
33620.00
33308.00
33625.00
32674.00
34056.00
32962.00
34218.00
34172.00
33518.00
33582.00
34471.00
34995.00
34388.00
33780.00
33721.00
34620.00
34451.00
33675.00
34288.00
32888.00
32684.00
32208.00
33170.00
33127.00
33289.00
32948.00
33580.00
33239.00
33371.00
33764.00
34168.00
32803.00
33632.00
31893.00
33474.00
33103.00
32668.00
32951.00
32684.00
31118.00
32517.00
33378.00
32568.00
32041.00
33263.00
33163.00
32933.00
33661.00
34023.00
34468.00
33797.00
34186.00
34524.00
34695.00
34491.00
33579.00
31845.00
32962.00
32610.00
33230.00
34315.00
34323.00
33719.00
34709.00
34464.00
35578.00
33456.00
34859.00
34092.00
35010.00
35994.00
35596.00
33912.00
34135.00
32989.00
33871.00
32875.00
35353.00
34021.00
34213.00
32883.00
33203.00
33380.00
33067.00
32771.00
33875.00
33368.00
32440.00
32314.00
34319.00
34507.00
34179.00
34665.00
34812.00
34230.00
33977.00
35365.00
35197.00
34362.00
34755.00
33768.00
33394.00
33418.00
33205.00
33228.00
34547.00
33956.00
32609.00
34227.00
35828.00
35131.00
35832.00
34720.00
34451.00
33917.00
33728.00
34308.00
34122.00
31185.00
32184.00
32109.00
31884.00
32222.00
32813.00
33022.00
33609.00
33094.00
32677.00
33994.00
33686.00
34010.00
35017.00
34407.00
34254.00
34839.00
34222.00
34074.00
32997.03
34809.00
34224.00
35763.00
35274.00
34674.00
33241.00
32909.00
33345.00
33176.00
34752.00
34781.00
34514.00
34416.00
34574.00
34219.00
33628.00
33874.00
34494.00
33649.00
33613.00
33378.00
33548.00
33368.00
34052.00
34341.00
33970.00
32149.00
31790.00
31930.00
33754.00
32466.00
33297.00
32133.00
33957.00
32115.00
33152.00
34794.00
35068.00
33924.00
33604.00
33484.00
32505.00
31995.00
31497.00
30912.00
32258.00
29553.00
29605.00
31143.00
33378.00
33899.00
35234.00
35153.00
35393.00
35019.00
34730.00
35073.00
35861.00
35104.00
36003.00
34990.00
33053.00
31327.00
33562.00
33147.00
35067.00
36345.00
34719.00
35355.00
35135.00
34384.00
34354.00
34778.00
35054.00
34936.00
35277.00
34527.00
34337.00
35000.00
35143.00
35251.00
35386.00
34628.00
34871.00
34402.00
34795.00
35171.00
34617.00
34349.00
33988.00
33245.00
34206.00
33866.00
34263.00
34180.00
34598.00
35285.00
35119.00
33448.00
34775.00
34607.00
34172.00
32466.00
33381.00
34226.00
33708.00
33405.00
33625.00
2913.00
18.00
0.00
0.00
0.00
0.00
0.00
0.00
0.00
0.00
0.00
0.00
0.00
0.00
