0.00
0.00
0.00
0.00
0.00
0.00
0.00
0.00
0.00
0.00
0.00
0.00
0.00
0.00
0.00
0.00
0.00
0.00
9774.00
37510.00
38564.00
38697.00
39966.00
38523.00
39164.00
39912.00
38457.00
38818.00
39121.00
38765.00
38290.00
38603.00
39556.00
38661.00
38740.00
38413.00
38209.00
38132.00
38811.00
39738.00
38905.00
39135.00
39528.00
38584.00
38252.00
39167.00
38752.00
38727.00
39313.00
39672.00
38949.00
39066.00
39688.00
39724.00
38955.00
39552.00
38611.00
38137.00
37870.00
40133.00
39881.00
40512.00
38883.00
39625.00
38900.00
39616.00
38126.00
37405.00
38365.00
38282.00
37894.00
37920.00
39205.00
39144.00
38740.00
39030.00
39465.00
39026.00
38496.00
38361.00
39486.00
39607.00
39421.00
39817.00
38923.00
39397.00
38442.00
39334.00
39244.00
39190.00
40168.00
38599.00
38905.00
39659.00
39384.00
39646.00
39918.00
39188.00
39485.00
40493.00
39845.00
39940.00
40213.00
39584.00
40707.00
39662.00
39385.00
38748.00
39784.00
38458.00
39298.00
39733.00
39295.00
39417.00
39292.00
38993.00
39478.00
38678.00
38831.00
39115.00
38893.00
38311.00
39902.00
38449.00
38867.00
39020.00
38434.00
38934.00
38983.00
38526.00
38124.00
38220.00
39235.00
38762.00
39789.00
39282.00
39823.00
37828.00
38697.00
39262.00
39328.00
39570.00
38770.00
39860.00
39342.00
39334.00
38982.00
39824.00
38584.00
38457.00
37923.00
40795.00
38047.00
40319.00
39154.00
38289.00
38648.00
39293.00
39260.00
38765.00
39751.00
38986.00
39538.00
38477.00
39357.00
39070.00
38805.00
39163.00
38711.00
38141.00
37972.00
37357.00
38395.00
38255.00
38566.00
38686.14
38951.00
38484.00
38300.00
38293.00
38130.00
38776.00
38771.00
38784.00
39477.00
37941.00
37658.00
38642.00
37901.00
37825.00
38350.00
38664.00
38284.00
38567.00
38899.00
39453.00
38053.00
39025.00
39661.00
39638.00
39221.00
39361.00
39727.00
38172.00
39085.00
38452.00
38533.00
38572.00
38891.00
39383.00
38904.00
38948.00
38971.00
39760.00
39424.00
39105.00
39826.00
40833.00
39419.00
39454.00
39871.00
39347.00
39191.00
39183.00
40067.00
39963.00
38955.00
39594.00
40070.00
39659.00
39550.00
39507.00
39869.00
39504.00
39198.00
39640.00
39376.00
39832.00
39229.00
39677.00
39640.00
38270.00
39059.00
38967.00
38743.00
38222.00
39007.00
39529.00
39667.00
38864.00
37951.00
39300.00
40208.00
40104.00
38815.00
39101.00
38494.00
39081.00
38691.00
38556.00
38306.00
38025.00
39230.00
38732.00
39089.00
39215.00
39178.00
39230.00
39773.00
40480.00
39499.00
39090.00
38910.00
38767.00
38854.00
38638.00
38789.00
39244.00
38549.00
38709.00
38707.00
38503.00
39494.00
39270.00
38959.00
39712.00
39378.00
40153.00
38891.00
39147.00
39664.00
39801.00
40246.00
40175.00
39343.00
40157.00
39946.00
40093.00
40112.00
39045.00
40177.00
39282.00
38790.00
39204.00
39363.00
39498.00
39701.00
39034.00
39620.00
39770.00
39713.00
39778.00
40372.00
40415.00
40482.00
40667.00
40219.00
40360.00
28319.00
42.00
0.00
0.00
0.00
0.00
0.00
0.00
0.00
