0.00
0.00
0.00
0.00
0.00
0.00
0.00
0.00
0.00
0.00
0.00
0.00
0.00
0.00
0.00
0.00
0.00
0.00
0.00
0.00
0.00
0.00
0.00
0.25
0.20
0.19
0.18
0.18
0.18
0.18
0.18
0.18
0.19
0.18
0.18
0.18
0.18
0.18
0.19
0.18
0.19
0.18
0.19
0.18
0.18
0.18
0.19
0.18
0.18
0.18
0.18
0.17
0.18
0.17
0.18
0.17
0.17
0.20
0.18
0.18
0.18
0.17
0.18
0.17
0.18
0.18
0.18
0.19
0.18
0.17
0.18
0.17
0.18
0.17
0.17
0.18
0.19
0.18
0.17
0.18
0.18
0.18
0.18
0.18
0.18
0.18
0.18
0.19
0.18
0.18
0.18
0.19
0.18
0.18
0.17
0.18
0.17
0.19
0.18
0.19
0.18
0.18
0.18
0.19
0.18
0.18
0.18
0.18
0.18
0.18
0.18
0.19
0.18
0.18
0.18
0.19
0.18
0.19
0.18
0.18
0.19
0.18
0.17
0.18
0.18
0.18
0.17
0.17
0.17
0.18
0.18
0.18
0.18
0.18
0.18
0.18
0.17
0.17
0.17
0.17
0.18
0.17
0.18
0.17
0.18
0.17
0.18
0.17
0.17
0.17
0.18
0.18
0.19
0.18
0.18
0.18
0.18
0.17
0.17
0.18
0.18
0.18
0.18
0.18
0.17
0.18
0.18
0.18
0.18
0.18
0.17
0.18
0.17
0.18
0.17
0.18
0.17
0.18
0.17
0.18
0.17
0.17
0.17
0.17
0.17
0.17
0.18
0.17
0.17
0.17
0.17
0.17
0.18
0.17
0.17
0.17
0.17
0.18
0.18
0.18
0.17
0.18
0.17
0.18
0.18
0.17
0.17
0.17
0.17
0.17
0.17
0.17
0.17
0.17
0.17
0.17
0.17
0.17
0.17
0.17
0.17
0.17
0.17
0.17
0.17
0.17
0.17
0.18
0.18
0.17
0.17
0.17
0.17
0.17
0.17
0.17
0.17
0.17
0.17
0.17
0.17
0.17
0.17
0.17
0.17
0.17
0.17
0.17
0.17
0.17
0.17
0.17
0.17
0.17
0.17
0.17
0.17
0.17
0.17
0.17
0.17
0.17
0.28
0.20
0.17
0.17
0.17
0.17
0.17
0.17
0.17
0.17
0.20
0.17
0.17
0.17
0.17
0.17
0.17
0.17
0.17
0.17
0.17
0.17
0.17
0.17
0.17
0.17
0.18
0.17
0.18
0.17
0.17
0.17
0.17
0.17
0.17
0.17
0.17
0.17
0.17
0.19
0.17
0.17
0.17
0.17
0.17
0.17
0.17
0.17
0.17
0.17
0.17
0.17
0.17
0.17
0.17
0.17
0.17
0.17
0.17
0.17
0.17
0.17
0.00
0.00
0.00
0.00
0.00
0.00
0.00
0.00
0.00
0.00
0.00
0.00
0.00
