0.00
0.00
0.00
0.00
0.00
0.00
0.00
0.00
0.00
0.00
0.00
0.00
0.00
0.00
0.00
76526.00
108216.00
105495.00
111104.00
107968.00
110178.00
105784.00
113919.00
107505.00
115381.00
115962.00
113631.00
116921.00
113489.00
118710.00
111403.00
120265.00
114466.00
117652.00
115504.00
113724.00
115482.00
113383.00
118314.00
116100.00
116311.00
115233.00
116102.00
117031.00
116790.00
116702.00
114588.00
118179.00
115212.00
118852.00
117371.00
114788.00
117141.00
113038.00
115247.00
115750.00
116553.00
113391.00
114864.00
116435.00
118921.00
118415.00
117011.00
117964.00
114393.00
118479.00
119604.00
117241.00
118666.00
117738.00
119341.00
119142.00
118971.00
119743.00
118612.00
115937.00
116469.00
116710.00
115807.00
117244.00
117996.00
119385.00
118309.00
118734.00
115905.00
115053.00
115887.00
115442.00
117097.00
102437.00
114366.00
118537.00
116428.00
117421.00
119522.00
120547.00
118249.00
119650.00
119049.00
118572.00
118186.00
119400.00
120837.00
118876.00
120392.00
119780.00
118943.00
120882.00
119448.00
119813.00
118205.00
118981.00
119177.00
120933.00
118818.00
118777.00
119137.00
120148.00
119684.00
117510.00
119000.00
120423.00
120637.00
119332.00
119400.00
120830.00
121176.00
117361.00
116540.00
118695.00
116776.00
114548.00
119035.00
119358.00
119911.00
117875.00
118786.00
119586.00
120951.00
119544.00
119327.00
118681.00
118422.00
117090.00
117155.00
118965.00
119083.00
119545.00
116837.00
116841.00
117645.00
117847.00
118263.00
118035.00
119835.00
115091.00
116535.00
116323.00
115098.00
102955.00
116134.00
116164.00
114979.00
114952.00
117805.00
119182.00
120492.00
119861.00
121162.00
120177.00
120984.00
120423.00
120462.00
119434.00
121171.00
119159.00
119934.00
119652.00
120034.00
121065.00
121188.00
120194.00
119208.00
121899.00
117695.00
117299.00
118242.00
120135.00
121222.00
118685.00
117787.00
115196.00
119077.00
119684.00
121449.00
120779.00
120477.00
120350.00
120501.00
121354.00
120876.00
121098.00
120571.00
120152.00
117784.00
118286.00
120205.00
120474.00
121673.00
119838.61
122339.00
120970.00
120562.00
119022.00
120074.00
119386.00
120122.00
121112.00
121170.00
121175.00
119313.00
117582.00
117641.00
119393.00
119058.00
118251.00
120260.00
121403.00
122252.00
120454.00
119876.00
120252.00
121293.00
121070.00
121639.00
121098.00
121267.00
121778.00
121140.00
122030.00
120534.00
121398.00
120688.00
120505.00
119463.00
119426.00
119822.00
119171.00
119198.00
116851.00
117955.00
118656.00
118340.00
119620.00
120598.00
121206.00
121040.00
122272.00
121913.00
121061.00
120182.00
119623.00
120116.00
121398.00
119901.00
117976.00
118725.00
115114.00
116174.00
118933.00
119601.00
119761.00
120805.00
117719.00
117179.00
116537.00
117260.00
117488.00
118239.00
120100.00
118251.00
120208.00
120033.00
120162.00
120509.00
120415.00
120635.00
120203.00
121169.00
121451.00
121532.00
121648.00
121617.00
119289.00
119623.00
119164.00
119236.00
117013.00
118863.00
120286.00
117996.00
121427.00
122975.00
121643.00
120857.00
119384.00
117798.00
118030.00
118293.00
118649.00
118214.00
117521.00
121082.00
120539.00
121858.00
31513.00
48.00
0.00
0.00
0.00
0.00
0.00
0.00
0.00
0.00
0.00
0.00
0.00
0.00
0.00
0.00
0.00
0.00
0.00
0.00
0.00
0.00
0.00
