0.00
0.00
0.00
0.00
0.00
0.00
0.00
0.00
0.00
0.00
0.00
0.00
0.36
0.29
0.30
0.28
0.28
0.28
0.29
0.29
0.28
0.28
0.26
0.27
0.27
0.27
0.27
0.26
0.28
0.26
0.27
0.26
0.28
0.27
0.28
0.27
0.26
0.27
0.27
0.27
0.27
0.26
0.27
0.27
0.27
0.26
0.27
0.26
0.27
0.27
0.27
0.27
0.27
0.27
0.27
0.28
0.27
0.26
0.26
0.26
0.26
0.27
0.27
0.26
0.26
0.27
0.26
0.26
0.26
0.26
0.26
0.26
0.27
0.27
0.27
0.27
0.27
0.26
0.26
0.26
0.26
0.26
0.27
0.27
0.27
0.27
0.28
0.29
0.26
0.26
0.27
0.26
0.26
0.26
0.26
0.26
0.26
0.26
0.26
0.26
0.26
0.26
0.26
0.26
0.26
0.26
0.26
0.26
0.26
0.26
0.26
0.26
0.26
0.26
0.26
0.26
0.26
0.26
0.26
0.26
0.26
0.26
0.26
0.26
0.26
0.27
0.26
0.26
0.27
0.27
0.26
0.26
0.26
0.26
0.26
0.26
0.26
0.26
0.26
0.26
0.26
0.27
0.26
0.26
0.26
0.26
0.27
0.27
0.26
0.26
0.26
0.26
0.26
0.27
0.27
0.27
0.27
0.31
0.27
0.27
0.27
0.27
0.26
0.26
0.26
0.26
0.26
0.26
0.26
0.26
0.26
0.26
0.26
0.26
0.26
0.26
0.26
0.26
0.26
0.26
0.26
0.26
0.27
0.27
0.26
0.26
0.26
0.26
0.26
0.27
0.26
0.26
0.26
0.26
0.26
0.26
0.26
0.26
0.26
0.26
0.26
0.26
0.26
0.26
0.26
0.26
0.26
0.25
0.26
0.26
0.26
0.26
0.26
0.26
0.26
0.26
0.26
0.26
0.26
0.26
0.26
0.26
0.26
0.26
0.26
0.26
0.26
0.26
0.26
0.26
0.26
0.26
0.26
0.26
0.26
0.26
0.26
0.26
0.26
0.26
0.26
0.26
0.26
0.26
0.26
0.26
0.26
0.27
0.26
0.26
0.26
0.26
0.26
0.26
0.26
0.25
0.25
0.26
0.26
0.26
0.26
0.26
0.26
0.26
0.26
0.27
0.27
0.26
0.26
0.26
0.26
0.27
0.27
0.27
0.27
0.26
0.26
0.26
0.26
0.26
0.26
0.26
0.26
0.26
0.26
0.26
0.26
0.26
0.26
0.25
0.26
0.26
0.26
0.26
0.26
0.27
0.26
0.26
0.26
0.26
0.25
0.26
0.26
0.26
0.26
0.26
0.26
0.26
0.27
0.26
0.26
0.26
0.25
0.00
0.00
0.00
0.00
0.00
0.00
0.00
0.00
0.00
0.00
0.00
0.00
0.00
0.00
0.00
0.00
0.00
0.00
0.00
0.00
0.00
0.00
