0.00
0.00
0.00
0.00
0.00
0.00
0.00
0.00
0.00
0.00
0.00
0.00
0.00
0.00
6668.00
50706.00
50706.00
49838.00
51493.00
52143.00
53106.00
55793.00
55941.00
56643.00
56523.00
55586.00
55365.00
55827.00
54057.00
56528.00
53773.00
52155.00
49722.00
51497.00
56390.00
56944.00
56646.00
52589.00
54318.00
56170.00
54951.00
55421.00
54114.00
55490.00
56203.00
55786.00
55133.00
54564.00
55400.00
54924.00
53276.00
56019.00
55322.00
41786.00
56748.00
57961.00
58328.00
56233.00
57369.00
57426.00
58343.00
58077.00
58297.00
56781.00
54742.00
55201.00
56451.00
54176.00
56396.00
57651.00
56469.00
55327.00
56463.00
56876.00
57034.00
57428.00
58489.00
57715.00
58598.00
57003.00
56136.00
56154.00
52745.00
49785.00
55074.00
53899.00
57700.00
58070.00
58251.00
58363.00
58201.00
58050.00
58353.00
56425.00
57886.00
58687.00
58241.00
58284.00
58475.00
58824.00
58043.00
58326.00
59296.00
56900.00
58429.00
58938.00
58823.00
58394.00
58705.00
57973.00
58114.00
58296.00
58012.00
58208.00
58519.00
58186.00
58578.00
58129.00
57894.00
56645.00
56925.00
57306.00
58852.00
58852.00
59563.00
58446.00
58833.00
59093.00
59257.00
59779.00
59647.00
58429.00
58465.00
58525.00
59213.00
58378.00
58213.00
58574.00
56340.00
58012.00
58716.00
58909.00
57982.00
58044.00
57717.00
57441.00
57856.00
57370.00
58709.00
58447.00
58813.00
58256.00
57642.00
57287.00
57603.00
57986.00
55938.00
57950.00
57939.00
58631.00
58876.00
57066.00
58023.00
57535.00
57840.00
58087.00
58087.00
57407.00
58111.00
58508.00
57686.00
58220.00
58632.00
57849.00
58205.00
59730.00
58534.00
59018.00
58369.00
58036.00
57661.00
58478.00
57943.00
57683.00
58131.68
57647.00
57962.00
59440.00
57409.00
57231.00
58332.00
58982.00
59213.00
58455.00
57930.00
57923.00
58168.00
59519.00
59136.00
59361.00
57780.00
59135.00
58380.00
59216.00
57988.00
57998.00
55535.00
58632.00
56786.00
57059.00
57718.00
57652.00
57637.00
58351.00
57950.00
58656.00
59076.00
58742.00
57224.00
56185.00
56546.00
57392.00
58048.00
58515.00
58831.00
56256.00
58145.00
58904.00
59179.00
58583.00
58865.00
58864.00
57099.00
57438.00
57242.00
59608.00
56906.00
57148.00
57266.00
58035.00
57607.00
57031.00
55448.00
57495.00
57165.00
56907.00
54111.00
52560.00
52325.00
52674.00
56975.00
53486.00
56497.00
56272.00
58802.00
58293.00
58368.00
57056.00
58251.00
57330.00
58484.00
56977.00
59058.00
58019.00
57671.00
57865.00
55732.00
57710.00
53663.00
55467.00
57184.00
57812.00
58384.00
58348.00
58868.00
58359.00
58346.00
57363.00
57559.00
55935.00
55814.00
55790.00
56352.00
57478.00
56908.00
57851.00
58173.00
58589.00
58942.00
59542.00
57472.00
58690.00
58616.00
57445.00
56510.00
56897.00
56831.00
57469.00
56457.00
57178.00
57152.00
59227.00
58121.00
57688.00
55530.00
48998.00
58135.00
58262.00
58908.00
56060.00
58222.00
58271.00
58996.00
58126.00
50674.00
21.00
0.00
0.00
0.00
0.00
0.00
0.00
0.00
0.00
0.00
0.00
0.00
0.00
0.00
0.00
