0.00
0.00
0.00
0.00
0.00
0.00
0.00
0.00
0.00
0.00
0.00
0.00
0.00
0.00
0.00
0.00
0.00
0.00
0.00
0.00
5146.00
100818.00
101746.00
99657.00
103671.00
102696.00
106599.00
111506.00
112131.00
112887.00
113647.00
111156.00
110870.00
112668.00
107875.00
112492.00
109457.00
103289.00
98997.00
104297.00
111713.00
113823.00
113390.00
105883.00
108451.00
112402.00
111276.00
109813.00
107934.00
111518.00
112246.00
112131.00
110248.00
109339.00
111114.00
109724.00
106936.00
111796.00
110520.00
86071.00
110775.00
116321.00
116611.00
112490.00
115038.00
114845.00
117214.00
115973.00
116458.00
114087.00
110192.00
110531.00
112532.00
108894.00
112329.00
115400.00
113674.00
109880.00
113440.00
113916.00
114190.00
115082.00
116821.00
115653.00
117353.00
114557.00
112407.00
112188.00
107086.00
98472.00
110384.00
107666.00
115091.00
116612.00
116584.00
116836.00
116475.00
116329.00
116764.00
113181.00
115572.00
117408.00
115692.08
116801.00
116997.00
117847.00
116556.00
116366.00
118918.00
113860.00
116862.00
118322.00
117712.00
116929.00
117349.00
116341.00
116095.00
116840.00
116219.00
117037.00
116680.00
117148.00
116776.00
116763.00
115791.00
114233.00
113236.00
114974.00
117743.00
117664.00
119057.00
117414.00
117553.00
118227.00
118739.00
119849.00
119422.00
117323.00
116902.00
117333.00
118495.00
116811.00
116703.00
117228.00
113027.00
115937.00
117708.00
118289.00
116018.00
116013.00
116063.00
115036.00
115869.00
114851.00
117287.00
117340.00
117806.00
116446.00
115339.00
114941.00
115411.00
115896.00
112296.00
115714.00
115960.00
117240.00
117901.00
114523.00
116146.00
115247.00
116054.00
116095.00
116377.00
114701.00
116219.00
117269.00
115559.00
116707.00
117197.00
116200.00
116132.00
119570.00
117318.00
118524.00
116707.00
116378.00
115516.00
117056.00
116106.00
115864.00
117222.00
115642.00
116009.00
118952.00
115071.00
114614.00
116454.00
118187.00
118585.00
117075.00
116345.00
116192.00
116450.00
118888.00
118625.00
119151.00
115260.00
118756.00
116748.00
118450.00
116252.00
116121.00
111325.00
117698.00
113697.00
114002.00
115438.00
115482.00
115484.00
116987.00
116077.00
117184.00
118355.00
117793.00
114840.00
112579.00
113182.00
114642.00
116548.00
116880.00
118018.00
113120.00
115924.00
117904.00
118542.00
117430.00
117951.00
118029.00
114961.00
114500.00
114592.00
119136.00
114479.00
114169.00
115378.00
115841.00
115620.00
114104.00
111139.00
115370.00
114958.00
114539.00
108504.00
104560.00
104831.00
104974.00
113886.00
107065.00
113433.00
112355.00
117534.00
116799.00
116977.00
114381.00
116644.00
114774.00
117042.00
114228.00
117936.00
116175.00
115765.00
115480.00
111772.00
115671.00
107450.00
111230.00
114237.00
115693.00
117011.00
115621.78
117737.00
117242.00
116621.00
115284.00
115201.00
112628.00
111359.00
111785.00
112826.00
114794.00
114069.00
115967.00
116491.00
117471.00
117808.00
119345.00
115229.00
117137.00
117399.00
115459.00
113170.00
113832.00
113830.00
114975.00
113187.00
114620.00
114508.00
117736.00
117115.00
115375.00
112531.00
97922.00
115221.00
116592.00
118029.00
113586.00
115300.00
116723.00
118187.00
116144.00
111595.00
44.00
0.00
0.00
0.00
0.00
0.00
0.00
0.00
0.00
0.00
0.00
0.00
0.00
