0.00
0.00
0.00
0.00
0.00
0.00
0.00
0.00
0.00
0.00
0.00
0.00
0.00
0.00
0.00
0.00
0.00
55429.00
107704.00
105372.00
111711.00
107490.00
110948.00
106718.00
111543.00
108245.00
113817.00
116694.00
113416.00
117512.00
112872.00
118730.00
111052.00
119882.00
115570.00
116885.00
116665.00
112715.00
116512.00
112177.00
118153.00
116393.00
116638.00
115749.00
115589.00
117314.00
116961.00
115479.00
115403.00
117319.00
116314.00
117936.00
118355.00
114797.00
116515.00
113850.00
114571.00
115736.00
116963.00
113935.00
113798.00
116651.00
118331.00
118551.00
117124.00
118275.00
114494.00
117965.00
119279.00
117427.00
118831.00
117658.00
119189.00
119129.00
119004.00
119819.00
119135.00
115990.00
116320.00
116760.00
115720.00
117082.00
118164.00
119175.00
118372.00
118727.00
116204.00
115151.00
116182.00
115319.00
116773.00
103804.00
112397.00
118915.00
116622.00
117230.00
119184.00
120778.00
118164.00
118541.58
118807.00
118975.00
117951.00
118958.00
120860.00
118975.00
120448.00
119843.00
119147.00
120477.00
120581.00
119053.00
118330.00
118889.00
119017.00
120574.00
119434.00
118669.00
119049.00
120019.00
120079.00
117555.00
118890.00
120117.00
120483.00
119609.00
119340.00
120363.00
121491.00
118893.00
115322.00
119007.00
117120.00
114635.00
118088.00
119290.00
119913.00
117838.00
118689.00
119667.00
120780.00
119806.00
119255.00
119017.00
118251.00
117832.00
116414.00
118912.00
118871.00
119769.00
117584.00
116554.00
117495.00
117622.00
118672.00
118051.00
119189.00
115884.00
116619.00
116086.00
115077.00
117198.00
101473.00
116266.00
115563.00
114903.00
117274.00
118882.00
120656.00
119857.00
120248.00
120918.00
120627.00
120839.00
120297.00
119378.00
121088.00
119855.00
119339.00
119889.00
119696.00
121140.00
121247.00
120218.00
119162.00
121641.00
118607.00
117354.00
117689.00
120054.00
121097.00
119252.00
117739.00
115566.00
118456.00
119622.00
120977.00
121078.00
120470.00
120787.00
119844.00
121577.00
120759.00
121252.00
120465.00
120495.00
118202.00
117979.00
119932.00
120326.00
121510.00
121135.00
122175.00
121223.00
120699.00
118920.00
120269.00
119462.00
119719.00
120949.00
121340.00
121603.00
119263.00
117927.00
117448.00
119408.00
119057.00
120090.00
117739.00
121472.00
122185.00
120356.00
120045.00
120296.00
121135.00
121370.00
121290.00
121414.00
121007.00
121783.00
121139.00
121977.00
120818.00
121434.00
120610.00
120458.00
121122.00
118479.00
119542.00
119004.00
119456.00
116937.00
117585.00
118741.00
118833.00
119243.00
120202.00
120998.00
121149.00
122043.00
121965.00
121656.00
120132.00
119514.00
119900.00
121317.00
120927.00
117484.00
118841.00
116683.00
115047.00
118197.00
119441.00
119868.00
120712.00
118493.00
117027.00
116706.00
117110.00
117396.00
117946.00
119937.00
118244.00
120470.00
119572.00
120121.00
120905.00
120117.00
120611.00
120122.00
121139.00
121351.00
121632.00
121551.00
121870.00
119416.00
119596.00
120254.00
118600.00
117171.00
118398.00
120406.00
117931.00
119809.90
122574.00
122158.00
120852.00
119962.00
117742.00
117973.00
118233.00
118550.00
118680.00
117135.00
120588.00
120703.00
121558.00
55294.00
73.00
0.00
0.00
0.00
0.00
0.00
0.00
0.00
0.00
0.00
0.00
0.00
0.00
0.00
0.00
