0.00
0.00
0.00
0.00
0.00
0.00
0.00
0.00
0.00
25050.00
53823.00
52547.00
55883.00
53698.00
55487.00
53055.00
55581.00
54090.00
56694.00
58428.00
56451.00
58685.00
56295.00
59167.00
55556.00
59703.00
57843.00
58207.00
58380.00
56202.00
58132.00
55998.00
58910.00
58083.00
58288.00
57736.00
57625.00
58544.00
58420.00
57604.00
57809.00
58333.00
58112.00
58798.00
59175.00
57517.00
57928.00
56939.00
57118.00
57612.00
58499.00
56956.00
56565.00
58186.00
59048.00
59153.00
58469.00
59027.00
57165.00
58899.00
59425.00
58792.00
59101.00
58804.00
59399.00
59484.00
59359.00
59825.00
59503.00
57950.00
57976.00
58302.00
57807.00
58433.00
58876.00
59424.00
59218.00
59169.00
58080.00
57487.00
57995.00
57588.00
58221.00
52849.00
55199.00
59324.00
58243.00
58491.00
59513.00
60313.00
58999.00
59709.00
59389.00
59333.00
58824.00
59348.00
60344.00
59437.00
60213.00
59775.00
59552.00
60057.00
60326.00
59336.00
59131.00
59281.00
59427.00
60205.00
59648.00
59236.00
59393.00
59829.00
60102.00
58721.00
59241.00
59934.00
60170.00
59744.00
59553.00
60045.00
60589.00
59510.00
57457.00
59367.00
58521.00
57194.00
58882.00
59444.00
59901.00
58790.00
59226.00
59698.00
60344.00
59815.00
59505.00
59437.00
59023.00
58881.00
57965.00
59383.00
59278.00
59802.00
58808.00
58026.00
58593.00
58698.00
59267.00
58879.00
59443.00
57910.00
58171.00
57934.00
57424.00
58521.00
50606.00
58092.00
57740.00
57315.00
58428.00
59354.00
60209.00
59808.00
59945.00
60462.00
60138.00
60316.00
59970.00
59565.00
60439.00
59926.00
59478.00
59834.00
59699.00
60462.00
60465.00
59995.00
59453.00
60682.00
59354.00
58537.00
58667.00
59903.00
60370.00
59581.00
58731.00
57843.00
58961.00
59654.00
60388.00
60424.00
60024.00
60334.00
59791.00
60714.00
60221.00
60499.00
60098.00
60161.00
59099.00
58822.00
59820.00
60030.00
60675.00
60459.00
60974.00
60533.00
60256.00
59387.00
59990.00
59675.00
59700.00
59800.99
60561.00
60731.00
59508.00
58944.00
58660.00
59522.00
59424.00
59925.00
58711.00
60684.00
60970.00
60099.00
59989.00
59979.00
60481.00
60590.00
60571.00
60609.00
60325.00
60791.00
60405.00
60836.00
60326.00
60596.00
60206.00
60117.00
60377.00
59116.00
59665.00
59341.00
59560.00
58405.00
58625.00
59282.00
59313.00
59507.00
60007.00
60392.00
60471.00
60855.00
60826.00
60784.00
59926.00
59617.00
59803.00
60575.00
60399.00
58601.00
59349.00
58263.00
57467.00
58824.00
59624.00
59813.00
60207.00
59302.00
58406.00
58271.00
58445.00
58589.00
58900.00
59721.00
59124.00
60165.00
59577.00
60034.00
60297.00
59891.00
60213.00
59965.00
60480.00
60576.00
60728.00
60708.00
60869.00
59583.00
59679.00
60099.00
59126.00
58525.00
59009.00
60131.00
58958.00
60301.00
61134.00
61037.00
60292.00
59968.00
58724.00
58859.00
58978.00
59132.00
59223.00
58465.00
60099.00
60241.00
60678.00
30409.00
38.00
0.00
0.00
0.00
0.00
0.00
0.00
0.00
0.00
0.00
0.00
0.00
0.00
0.00
0.00
0.00
0.00
