0.00
0.00
0.00
0.00
0.00
0.00
0.00
0.00
0.00
0.00
0.00
0.00
0.00
6009.00
50755.00
50766.00
49910.00
51773.00
52031.00
53218.00
55956.00
56042.00
56786.00
56737.00
55647.00
55534.00
55912.00
54258.00
56563.00
53940.00
52271.00
49718.00
51709.00
56414.00
57053.00
56753.00
52689.00
54444.00
56248.00
55208.00
55473.00
54205.00
55648.00
55727.72
55958.00
55210.00
54686.00
55505.00
54966.00
53489.00
55994.00
55423.00
42515.00
56228.00
58023.00
58472.00
56361.00
57476.00
57488.00
58504.00
58206.00
58324.00
56933.00
54778.00
55330.00
56612.00
54294.00
56529.00
57785.00
56712.00
55269.00
56662.00
56996.00
57179.00
57588.00
58709.00
57853.00
58800.00
57147.00
56225.00
56313.00
53006.00
49760.00
55232.00
54046.00
57815.00
58202.00
58395.00
58531.00
58294.00
58241.00
58483.00
56544.00
57998.00
58830.00
58416.00
58469.00
58618.00
59015.00
58191.00
58443.00
59493.00
56960.00
58550.00
59081.00
59001.00
58492.00
58812.00
58163.00
58226.00
58452.00
58196.00
58455.00
58657.00
58356.00
58698.00
58350.00
58091.00
56776.00
57142.00
57471.00
59021.00
58992.00
59655.00
58608.00
58969.00
59213.00
59426.00
60024.00
59827.00
58602.00
58645.00
58746.00
59338.00
58469.00
58383.00
58745.00
56485.00
58232.00
58938.00
59087.00
58089.00
58211.00
57947.00
57606.00
57989.00
57512.00
58799.00
58664.00
58980.00
58372.00
57805.00
57492.00
57694.00
58078.00
56144.00
58052.00
58041.00
58753.00
58947.00
57249.00
58153.00
57678.00
57931.00
58204.00
58210.00
57550.00
58250.00
58652.00
57815.00
58392.00
58772.00
58022.00
58349.00
59907.00
58653.00
59189.00
58543.00
58234.00
57896.00
58651.00
58116.00
57861.00
58873.00
57751.00
58173.00
59599.00
57580.00
57315.00
58414.00
59161.00
59408.00
58629.00
58126.00
58170.00
58388.00
59698.00
59335.00
59567.00
57886.00
59313.00
58509.00
59355.00
58112.00
58125.00
55752.00
58785.00
56885.00
57195.00
57800.00
57824.00
57762.00
58536.00
58098.00
58772.00
59271.00
58930.00
57390.00
56369.00
56707.00
57535.00
58242.00
58734.00
59016.00
56440.00
58279.00
59080.00
59391.00
58770.00
59084.00
59064.00
56726.73
57542.00
57430.00
59809.00
57080.00
57289.00
57560.00
58230.00
57836.00
57181.00
55611.00
57688.00
57415.00
57088.00
54208.00
52682.00
52501.00
52771.00
57113.00
53612.00
56660.00
56370.00
58948.00
58445.00
58491.00
57244.00
58377.00
57538.00
58546.00
57121.00
59179.00
58057.00
57843.00
57962.00
55853.00
57830.00
53773.00
55647.00
57328.00
57922.00
58541.00
58519.00
59020.00
58541.00
58553.00
57595.00
57692.00
56146.00
55956.00
55930.00
56590.00
57677.00
57078.00
58060.00
58326.00
58756.00
59021.00
59699.00
57575.00
58830.00
58733.00
57623.00
56675.00
57013.00
56967.00
57636.00
56611.00
57341.00
57220.00
59345.00
58319.00
57841.00
55766.00
49006.00
58314.00
58409.00
59062.00
56238.00
58410.00
58524.00
59173.00
58278.00
51586.00
20.00
0.00
0.00
0.00
0.00
0.00
0.00
0.00
0.00
0.00
0.00
0.00
0.00
0.00
0.00
0.00
0.00
0.00
0.00
