0.00
0.00
0.00
0.00
0.00
0.00
0.00
0.30
0.29
0.29
0.28
0.29
0.28
0.29
0.27
0.29
0.27
0.26
0.27
0.27
0.27
0.26
0.28
0.26
0.27
0.27
0.27
0.28
0.28
0.28
0.27
0.27
0.27
0.28
0.27
0.27
0.26
0.27
0.27
0.26
0.27
0.26
0.27
0.28
0.27
0.28
0.27
0.27
0.27
0.28
0.27
0.27
0.27
0.27
0.27
0.26
0.28
0.27
0.26
0.27
0.26
0.26
0.26
0.26
0.26
0.26
0.27
0.28
0.27
0.27
0.27
0.27
0.27
0.26
0.27
0.26
0.28
0.28
0.27
0.27
0.27
0.31
0.27
0.26
0.27
0.27
0.27
0.26
0.27
0.27
0.27
0.26
0.27
0.26
0.26
0.26
0.26
0.26
0.26
0.26
0.26
0.26
0.27
0.26
0.27
0.26
0.26
0.26
0.26
0.26
0.26
0.27
0.27
0.26
0.26
0.27
0.27
0.27
0.26
0.27
0.28
0.26
0.27
0.28
0.26
0.27
0.26
0.27
0.27
0.27
0.26
0.26
0.26
0.27
0.27
0.27
0.27
0.27
0.27
0.26
0.27
0.27
0.27
0.27
0.27
0.26
0.26
0.27
0.27
0.27
0.27
0.27
0.32
0.27
0.28
0.28
0.27
0.26
0.26
0.26
0.26
0.26
0.26
0.26
0.26
0.26
0.26
0.26
0.26
0.26
0.26
0.26
0.26
0.26
0.26
0.26
0.27
0.26
0.26
0.26
0.26
0.26
0.27
0.27
0.26
0.26
0.26
0.26
0.26
0.26
0.26
0.26
0.26
0.26
0.26
0.26
0.26
0.26
0.26
0.26
0.26
0.26
0.26
0.26
0.26
0.26
0.26
0.27
0.26
0.26
0.26
0.26
0.26
0.26
0.27
0.26
0.26
0.26
0.27
0.26
0.26
0.26
0.26
0.26
0.26
0.26
0.26
0.26
0.26
0.26
0.26
0.26
0.25
0.25
0.26
0.26
0.26
0.27
0.26
0.26
0.26
0.27
0.26
0.26
0.27
0.26
0.26
0.26
0.26
0.26
0.26
0.26
0.25
0.27
0.26
0.26
0.26
0.27
0.26
0.27
0.27
0.26
0.26
0.26
0.26
0.27
0.27
0.27
0.27
0.27
0.27
0.26
0.27
0.26
0.26
0.26
0.26
0.26
0.26
0.26
0.26
0.26
0.26
0.26
0.26
0.26
0.26
0.26
0.27
0.27
0.27
0.26
0.27
0.26
0.26
0.26
0.26
0.26
0.26
0.26
0.26
0.26
0.26
0.26
0.26
0.26
0.26
0.26
0.00
0.00
0.00
0.00
0.00
0.00
0.00
0.00
0.00
0.00
0.00
0.00
0.00
0.00
0.00
0.00
0.00
0.00
0.00
0.00
