0.00
0.00
0.00
0.00
0.00
0.00
0.00
0.00
0.00
0.00
0.00
0.00
0.00
0.00
0.00
0.00
0.23
0.23
0.23
0.22
0.22
0.22
0.20
0.21
0.21
0.20
0.20
0.21
0.20
0.20
0.20
0.21
0.22
0.20
0.20
0.21
0.20
0.20
0.21
0.20
0.21
0.21
0.21
0.21
0.20
0.19
0.19
0.19
0.19
0.19
0.19
0.19
0.21
0.20
0.23
0.26
0.19
0.19
0.20
0.19
0.20
0.20
0.20
0.20
0.20
0.20
0.21
0.19
0.20
0.20
0.20
0.20
0.20
0.19
0.19
0.19
0.20
0.20
0.19
0.19
0.20
0.19
0.19
0.20
0.18
0.19
0.19
0.19
0.20
0.19
0.19
0.19
0.19
0.19
0.19
0.19
0.19
0.19
0.19
0.19
0.19
0.19
0.19
0.19
0.19
0.19
0.19
0.19
0.19
0.20
0.19
0.19
0.19
0.19
0.19
0.20
0.19
0.19
0.19
0.19
0.20
0.20
0.19
0.19
0.19
0.19
0.19
0.20
0.19
0.19
0.19
0.19
0.19
0.20
0.19
0.19
0.19
0.19
0.19
0.20
0.19
0.19
0.19
0.19
0.19
0.19
0.19
0.19
0.20
0.19
0.19
0.19
0.19
0.19
0.19
0.19
0.19
0.19
0.20
0.20
0.19
0.19
0.19
0.19
0.19
0.19
0.19
0.19
0.19
0.19
0.19
0.20
0.19
0.19
0.19
0.19
0.19
0.19
0.19
0.19
0.19
0.19
0.19
0.19
0.20
0.19
0.20
0.19
0.19
0.19
0.19
0.19
0.19
0.19
0.19
0.19
0.20
0.19
0.19
0.19
0.19
0.20
0.19
0.19
0.19
0.19
0.19
0.20
0.20
0.20
0.20
0.20
0.19
0.19
0.19
0.19
0.19
0.19
0.19
0.19
0.19
0.19
0.19
0.19
0.19
0.19
0.19
0.19
0.19
0.19
0.19
0.19
0.19
0.19
0.19
0.19
0.19
0.19
0.19
0.19
0.19
0.19
0.19
0.19
0.19
0.19
0.19
0.20
0.19
0.19
0.20
0.19
0.21
0.20
0.20
0.19
0.19
0.19
0.19
0.20
0.20
0.19
0.20
0.19
0.19
0.20
0.19
0.19
0.19
0.19
0.18
0.19
0.19
0.19
0.19
0.19
0.19
0.19
0.19
0.19
0.19
0.19
0.19
0.19
0.19
0.19
0.19
0.19
0.19
0.19
0.19
0.19
0.19
0.19
0.19
0.19
0.19
0.19
0.19
0.19
0.19
0.19
0.19
0.19
0.19
0.19
0.18
0.19
0.19
0.19
0.19
0.19
0.19
0.19
0.19
0.19
0.19
0.00
0.00
0.00
0.00
0.00
0.00
0.00
0.00
0.00
0.00
0.00
0.00
0.00
