0.00
0.00
0.00
0.00
0.00
0.00
0.00
0.00
33562.00
53849.00
52991.00
55894.00
53778.00
55184.00
52951.00
56919.00
54021.00
57412.00
58250.00
56729.00
58780.00
56858.00
59368.00
55613.00
60299.00
57443.00
58838.00
58034.00
56767.00
58154.00
56485.00
59165.00
58301.00
58320.00
57741.00
58224.00
58469.00
58694.00
58158.00
57590.00
59066.00
57947.00
59251.00
59045.00
57398.00
58635.00
56724.00
57519.00
58083.00
58449.00
56885.00
57399.00
58469.00
59330.00
59367.00
58563.00
59319.00
57237.00
59243.00
59851.00
58748.00
59521.00
58879.00
59811.00
59739.00
59604.00
59905.00
59616.00
58045.00
58272.00
58554.00
58021.00
58571.00
59101.00
59769.00
59310.00
59538.00
58112.00
57592.00
58127.00
57754.00
58633.00
51326.00
57012.00
59374.00
58476.00
58708.00
59676.00
60496.00
59211.00
59957.00
59485.00
59529.00
59190.00
59643.00
60506.00
59532.00
60274.00
60027.00
59580.00
60424.00
60031.00
59851.00
59311.00
59519.00
59646.00
60433.00
59659.00
59498.00
59616.00
60141.00
60021.00
58805.00
59614.00
60225.00
60402.00
59795.00
59731.00
60522.00
60796.00
59237.00
57920.00
59585.00
58608.00
57318.00
59438.00
59885.00
59986.00
59051.00
59498.00
59868.00
60535.00
59921.00
59816.00
59449.00
59320.00
58818.00
58622.00
59438.00
59628.00
59974.00
58729.00
58506.00
58885.00
58987.00
59344.00
59096.00
59903.00
57898.00
58418.00
58177.00
57656.00
56998.00
52586.00
58146.00
57759.00
57567.00
58983.00
59518.00
60434.00
60011.00
60468.00
60369.00
60576.00
60371.00
60395.00
59797.00
60614.00
59853.00
59958.00
59984.00
60034.00
60711.00
60756.00
60160.00
59759.00
60959.00
59197.00
58778.00
59111.00
60149.00
60723.00
59628.00
58966.00
57672.00
59603.00
59914.00
60768.00
60569.00
60454.00
60380.00
60122.00
60871.00
60561.00
60690.00
60358.00
60282.00
59012.00
59250.00
60171.00
60290.00
60894.00
60619.00
61251.00
60657.00
60404.00
59565.00
60224.00
59783.00
60042.00
60661.00
60657.00
60823.00
59787.00
58945.00
58858.00
59825.00
59600.00
60119.00
59167.00
60845.00
61236.00
60261.00
60007.00
60276.00
60738.00
60623.00
60866.00
60672.00
60809.00
60970.00
60735.00
61115.00
60488.00
60747.00
60459.00
60411.00
60679.00
59092.00
60118.00
59704.00
59947.00
58426.00
58978.00
59447.00
59501.00
59817.00
60189.00
60644.00
60663.00
61258.00
61072.00
60822.00
60146.00
59970.00
60058.00
60866.00
60336.00
58935.00
59451.00
57777.00
58201.00
59455.00
59867.00
59980.00
60531.00
59108.00
58611.00
58374.00
58732.00
58779.00
59065.00
60297.00
59080.00
60343.00
60014.00
60111.00
60535.00
60271.00
60389.00
60180.00
60639.00
60796.00
60897.00
60879.00
60896.00
59833.00
59928.00
59955.00
59675.00
58536.00
59461.00
60284.00
58973.00
60739.00
61496.00
61078.00
60489.00
59966.00
59047.00
59104.00
59244.00
59435.00
59358.00
58761.00
60534.00
60429.00
60963.00
21748.00
31.00
0.00
0.00
0.00
0.00
0.00
0.00
0.00
0.00
0.00
0.00
0.00
0.00
0.00
0.00
0.00
0.00
0.00
0.00
0.00
