0.00
0.00
0.00
0.00
0.00
0.00
0.00
0.00
0.00
0.00
0.00
0.00
0.00
0.00
0.00
0.00
0.00
0.33
0.31
0.31
0.31
0.30
0.29
0.29
0.28
0.28
0.27
0.28
0.28
0.28
0.28
0.29
0.27
0.29
0.30
0.31
0.30
0.27
0.27
0.27
0.30
0.29
0.28
0.29
0.28
0.28
0.28
0.28
0.28
0.28
0.28
0.28
0.28
0.29
0.28
0.28
0.38
0.27
0.27
0.27
0.28
0.27
0.27
0.27
0.27
0.26
0.27
0.28
0.28
0.27
0.29
0.28
0.27
0.28
0.28
0.27
0.27
0.27
0.27
0.27
0.27
0.27
0.27
0.28
0.28
0.30
0.31
0.28
0.29
0.27
0.27
0.27
0.27
0.27
0.27
0.26
0.28
0.27
0.26
0.27
0.27
0.26
0.26
0.27
0.26
0.26
0.27
0.27
0.26
0.26
0.27
0.26
0.27
0.27
0.27
0.27
0.27
0.26
0.27
0.27
0.27
0.27
0.27
0.27
0.27
0.26
0.26
0.26
0.27
0.26
0.26
0.26
0.26
0.26
0.27
0.27
0.26
0.26
0.27
0.27
0.26
0.28
0.27
0.26
0.26
0.27
0.27
0.27
0.27
0.27
0.27
0.26
0.27
0.26
0.27
0.27
0.27
0.27
0.27
0.28
0.27
0.27
0.26
0.26
0.27
0.27
0.27
0.27
0.27
0.27
0.27
0.27
0.26
0.27
0.27
0.26
0.27
0.27
0.26
0.26
0.26
0.27
0.27
0.27
0.27
0.27
0.27
0.26
0.27
0.27
0.26
0.27
0.27
0.26
0.26
0.26
0.26
0.27
0.27
0.27
0.26
0.26
0.26
0.27
0.26
0.27
0.26
0.27
0.27
0.28
0.27
0.27
0.27
0.27
0.27
0.27
0.27
0.27
0.26
0.26
0.26
0.27
0.28
0.27
0.27
0.27
0.26
0.26
0.28
0.27
0.26
0.26
0.26
0.26
0.26
0.27
0.27
0.27
0.26
0.27
0.27
0.27
0.27
0.27
0.27
0.28
0.27
0.27
0.27
0.29
0.30
0.30
0.29
0.27
0.29
0.28
0.27
0.26
0.27
0.27
0.27
0.27
0.27
0.27
0.27
0.26
0.27
0.27
0.27
0.28
0.27
0.29
0.28
0.27
0.27
0.27
0.27
0.26
0.27
0.27
0.27
0.27
0.28
0.28
0.28
0.27
0.27
0.27
0.27
0.27
0.26
0.26
0.26
0.27
0.26
0.26
0.27
0.27
0.27
0.27
0.27
0.27
0.27
0.27
0.26
0.27
0.27
0.28
0.31
0.27
0.27
0.26
0.28
0.27
0.27
0.26
0.27
0.26
0.00
0.00
0.00
0.00
0.00
0.00
0.00
0.00
0.00
0.00
0.00
0.00
0.00
0.00
0.00
0.00
0.00
0.00
0.00
0.00
