0.00
0.00
0.00
0.00
0.00
0.00
0.00
0.00
0.00
0.00
0.00
0.00
0.37
0.31
0.32
0.32
0.30
0.31
0.29
0.28
0.28
0.28
0.28
0.28
0.28
0.28
0.29
0.28
0.28
0.29
0.28
0.28
0.28
0.28
0.28
0.30
0.30
0.28
0.27
0.28
0.28
0.29
0.29
0.29
0.28
0.29
0.28
0.28
0.28
0.29
0.29
0.37
0.28
0.27
0.27
0.28
0.26
0.27
0.27
0.27
0.27
0.28
0.28
0.28
0.27
0.28
0.27
0.27
0.27
0.28
0.27
0.28
0.27
0.27
0.26
0.27
0.27
0.27
0.28
0.29
0.31
0.35
0.29
0.30
0.27
0.27
0.27
0.27
0.27
0.26
0.27
0.28
0.27
0.27
0.27
0.27
0.27
0.27
0.27
0.27
0.26
0.28
0.27
0.27
0.27
0.27
0.27
0.27
0.27
0.27
0.27
0.27
0.27
0.27
0.27
0.27
0.27
0.28
0.28
0.27
0.27
0.27
0.26
0.27
0.27
0.27
0.26
0.26
0.26
0.27
0.27
0.27
0.26
0.27
0.27
0.27
0.28
0.27
0.27
0.27
0.27
0.27
0.27
0.27
0.27
0.27
0.27
0.27
0.27
0.27
0.27
0.27
0.27
0.27
0.28
0.27
0.27
0.27
0.27
0.27
0.27
0.27
0.27
0.27
0.27
0.27
0.27
0.27
0.27
0.27
0.27
0.27
0.27
0.26
0.27
0.26
0.27
0.27
0.27
0.27
0.27
0.27
0.27
0.27
0.27
0.26
0.27
0.27
0.27
0.27
0.26
0.27
0.27
0.27
0.27
0.26
0.26
0.26
0.27
0.26
0.27
0.26
0.27
0.27
0.28
0.27
0.28
0.28
0.27
0.27
0.27
0.27
0.27
0.27
0.26
0.27
0.28
0.29
0.29
0.28
0.27
0.26
0.27
0.29
0.27
0.27
0.26
0.27
0.27
0.27
0.27
0.27
0.28
0.26
0.28
0.28
0.26
0.26
0.27
0.28
0.28
0.27
0.27
0.28
0.30
0.30
0.31
0.32
0.28
0.30
0.27
0.27
0.27
0.27
0.27
0.28
0.27
0.28
0.27
0.27
0.26
0.26
0.28
0.26
0.28
0.27
0.28
0.30
0.29
0.27
0.27
0.27
0.27
0.27
0.27
0.27
0.27
0.29
0.28
0.29
0.29
0.29
0.29
0.28
0.27
0.27
0.27
0.26
0.27
0.26
0.27
0.26
0.26
0.26
0.26
0.26
0.26
0.26
0.26
0.27
0.27
0.28
0.29
0.32
0.27
0.27
0.27
0.27
0.27
0.27
0.27
0.28
0.26
0.00
0.00
0.00
0.00
0.00
0.00
0.00
0.00
0.00
0.00
0.00
0.00
0.00
0.00
0.00
0.00
0.00
0.00
