0.00
0.00
0.00
0.00
0.00
0.00
0.00
0.00
0.00
0.00
0.00
0.00
0.00
0.00
0.00
0.00
0.00
0.00
26655.00
101844.00
100605.00
100898.00
102680.00
105841.00
106453.00
111303.00
111411.00
115100.00
112122.00
111624.00
111157.00
111180.00
107984.00
113287.00
105480.00
106925.00
99857.00
101925.00
114278.00
113397.00
114157.00
104732.00
108963.00
113210.00
107784.00
111799.00
109612.00
110133.00
112530.00
111650.00
110226.00
109359.00
110624.00
110244.00
106687.00
111752.00
109620.00
82427.00
117409.00
115773.00
116748.00
111861.00
115398.00
115247.00
117191.00
115320.00
117070.00
113339.00
109923.00
110280.00
113365.00
107835.00
112678.00
115853.00
112057.00
112082.00
113166.00
113643.00
114365.00
114502.00
115645.54
116332.00
117026.00
113984.00
112070.00
113080.00
103438.00
101669.00
110187.00
108220.00
116229.00
115843.00
116832.00
116829.00
116474.00
115787.00
117508.00
112691.00
116388.00
117302.00
116716.00
116580.00
117409.00
117857.00
115684.00
117439.00
118440.00
114009.00
117304.00
117195.00
117919.00
116978.00
117346.00
116184.00
116580.00
116969.00
116418.00
115828.00
118037.00
116245.00
117071.00
116394.00
115770.00
113848.00
114087.00
114774.00
118142.00
117853.00
119100.00
116951.00
117549.00
118896.00
118632.00
119684.00
119600.00
116848.00
116714.00
117526.00
118284.00
117288.00
116376.00
117085.00
112710.00
116570.00
117991.00
117564.00
116006.00
116483.00
115300.00
115403.00
115309.00
115053.00
117982.00
116794.00
117767.00
116758.00
115460.00
114796.00
115342.00
115792.00
111842.00
115542.00
116511.00
118058.00
117232.00
114495.00
116253.00
115088.00
115714.00
116215.00
116082.00
114865.00
116999.00
117288.00
115392.00
116471.00
117804.00
115134.00
117296.00
119764.00
117082.00
117731.00
116972.00
115930.00
115508.00
117180.00
116456.00
115559.00
117566.00
115066.00
116625.00
118795.00
114870.00
114535.00
117217.00
118225.00
117900.00
117780.00
115768.00
115994.00
116804.00
119494.00
118366.00
118617.00
116213.00
118070.00
116494.00
119133.00
115795.00
115569.00
111681.00
116825.00
113933.00
114374.00
115596.00
115770.00
115325.00
116687.00
115977.00
117729.00
118479.00
117569.00
114010.00
112507.00
113295.00
115633.00
115717.00
117703.00
117897.00
111827.00
117240.00
118193.00
118427.00
117255.00
118061.00
116982.00
114111.00
115935.00
114834.00
119695.00
113254.00
114897.00
114379.00
116553.00
115036.00
113858.00
111554.00
115496.00
114488.00
112939.00
107538.00
105597.00
105383.00
106021.00
113728.00
107544.00
112114.00
113937.00
117880.00
116738.00
116910.00
114336.00
116172.00
115172.00
116671.00
113922.00
119323.00
115481.00
115339.00
115490.00
111944.00
115582.00
107561.00
110639.00
114857.00
115968.00
116835.00
116954.00
117933.00
116884.00
116659.00
114823.00
114912.00
111761.00
111985.00
112005.00
113649.00
115594.00
113388.00
115384.00
116908.00
117155.00
118479.00
118397.00
114588.00
118774.00
117410.00
114068.00
113307.00
114043.00
113805.00
115278.00
113005.00
114572.00
114481.00
119394.00
115565.00
115531.00
108803.00
100607.00
116381.00
116723.00
118130.00
112451.00
116424.00
116995.00
118165.00
116665.00
85435.00
34.00
0.00
0.00
0.00
0.00
0.00
0.00
0.00
0.00
0.00
0.00
0.00
0.00
0.00
0.00
0.00
0.00
0.00
0.00
0.00
