0.00
0.00
0.00
0.00
0.00
0.00
0.00
0.00
0.00
0.00
0.00
0.32
0.31
0.31
0.31
0.30
0.30
0.29
0.28
0.28
0.27
0.28
0.28
0.28
0.29
0.29
0.28
0.32
0.32
0.32
0.33
0.27
0.28
0.28
0.28
0.28
0.28
0.30
0.28
0.28
0.27
0.27
0.28
0.29
0.29
0.29
0.29
0.30
0.27
0.28
0.36
0.27
0.27
0.27
0.27
0.29
0.27
0.27
0.27
0.27
0.27
0.29
0.29
0.29
0.30
0.28
0.27
0.29
0.28
0.28
0.28
0.27
0.27
0.28
0.27
0.28
0.28
0.27
0.27
0.28
0.28
0.28
0.29
0.27
0.27
0.27
0.27
0.27
0.27
0.27
0.28
0.27
0.27
0.27
0.27
0.27
0.27
0.27
0.27
0.27
0.27
0.27
0.27
0.27
0.27
0.27
0.27
0.27
0.27
0.27
0.27
0.27
0.27
0.27
0.27
0.27
0.27
0.27
0.27
0.27
0.27
0.26
0.27
0.27
0.26
0.26
0.26
0.26
0.27
0.27
0.27
0.27
0.27
0.27
0.27
0.27
0.27
0.26
0.27
0.27
0.27
0.27
0.27
0.27
0.27
0.27
0.27
0.27
0.27
0.27
0.27
0.27
0.27
0.28
0.27
0.27
0.27
0.27
0.27
0.27
0.27
0.27
0.27
0.27
0.27
0.27
0.27
0.27
0.27
0.27
0.27
0.26
0.26
0.27
0.26
0.27
0.27
0.27
0.27
0.27
0.27
0.27
0.27
0.27
0.26
0.27
0.27
0.27
0.26
0.27
0.26
0.27
0.27
0.27
0.26
0.26
0.27
0.27
0.27
0.27
0.26
0.27
0.27
0.28
0.27
0.27
0.27
0.27
0.27
0.27
0.27
0.27
0.26
0.27
0.27
0.26
0.26
0.26
0.27
0.28
0.26
0.27
0.27
0.27
0.26
0.27
0.27
0.27
0.27
0.27
0.27
0.27
0.26
0.26
0.27
0.29
0.29
0.26
0.28
0.27
0.28
0.27
0.27
0.29
0.29
0.28
0.28
0.29
0.28
0.28
0.28
0.27
0.27
0.27
0.27
0.27
0.27
0.27
0.28
0.26
0.28
0.27
0.28
0.28
0.28
0.29
0.26
0.27
0.27
0.27
0.27
0.26
0.27
0.27
0.28
0.27
0.27
0.28
0.27
0.26
0.26
0.27
0.27
0.27
0.27
0.26
0.26
0.28
0.27
0.27
0.29
0.29
0.29
0.29
0.29
0.29
0.29
0.28
0.26
0.26
0.27
0.29
0.30
0.27
0.27
0.26
0.28
0.27
0.27
0.27
0.26
0.26
0.00
0.00
0.00
0.00
0.00
0.00
0.00
0.00
0.00
0.00
0.00
0.00
0.00
0.00
0.00
0.00
